Strain	Species	Heterozygous	heterozygosity	Aneuploidies	#aneuploidies	VarScanTP	VarsScanTN	VarScanFP	VarScanFN	CFTP	CFTN	CFFP	CFFN	nQuireTP	nQuireTN	nQuireFP	nQuireFN	ploidyNGSTP	ploidyNGSTN	ploidyNGSFP	ploidyNGSFN	vcf2alleleplotTP	vcf2alleleplotTN	vcf2alleleplotFP	vcf2alleleplotFN	YmapTP	YmapTN	YmapFP	YmapFN
CBS1175	Scer	TRUE	0.000346702	"+1@9,14"	2	2	14	0	0	2	14	0	0	2	7	7	0	1	14	0	1	2	14	0	0	2	14	0	0
CBS1190	Scer	TRUE	0.000533233	"+1n@11,14"	2	2	14	0	0	2	14	0	0	2	10	4	0	2	14	0	0	2	14	0	0	2	14	0	0
CBS1464	Scer	FALSE	0.000283138	No	0	0	16	0	0	0	10	6	0	0	11	5	0	0	16	0	0	0	16	0	0	0	13	3	0
CBS2441	Scer	TRUE	0.003342072	"+1n@5,8,9;+2n@1"	4	3.5	12	0	0.5	4	12	0	0	3	12	0	1	4	12	0	0	4	12	0	0	4	12	0	0
CBS459	Scer	FALSE	0.000146437	+1n@14	1	1	15	0	0	1	15	0	0	1	10	5	0	0	15	0	1	0	15	0	1	1	15	0	0
DBVPG1085	Scer	TRUE	0.00152342	No	0	0	16	0	0	0	16	0	0	0	16	0	0	0	16	0	0	0	16	0	0	0	16	0	0
DBVPG1554	Scer	FALSE	0.000151527	No	0	0	16	0	0	0	16	0	0	0	6	10	0	0	16	0	0	0	16	0	0	0	16	0	0
DBVPG1790	Scer	FALSE	0.000154037	No	0	0	16	0	0	0	16	0	0	0	9	7	0	0	16	0	0	0	16	0	0	0	16	0	0
DBVPG1841	Scer	FALSE	0.000196631	+1n@1	1	1	15	0	0	1	15	0	0	0.5	9	6	0.5	1	15	0	0	0	15	0	1	1	15	0	0
DBVPG1960	Scer	TRUE	0.000557716	No	0	0	16	0	0	0	16	0	0	0	10	6	0	0	16	0	0	0	16	0	0	0	16	0	0
DBVPG4410	Scer	TRUE	0.000338876	No	0	0	16	0	0	0	16	0	0	0	6	10	0	0	16	0	0	0	16	0	0	0	16	0	0
DBVPG6350	Scer	FALSE	0.000223089	+1n@11	1	1	15	0	0	1	15	0	0	0.5	11	4	0.5	0	15	0	1	1	15	0	0	1	15	0	0
DBVPG6590	Scer	FALSE	0.000256331	No	0	0	16	0	0	0	16	0	0	0	11	5	0	0	15	1	0	0	16	0	0	0	16	0	0
DBVPG6694	Scer	TRUE	0.003767398	-1n@3;+1n@1	2	1	14	0	1	2	14	0	0	1.5	14	0	0.5	2	14	0	0	2	14	0	0	2	14	0	0
DBVPG6695	Scer	TRUE	0.003349404	"-1n@1,5,10;+1n@13;+2n@9"	5	4.5	11	0	0.5	5	10	1	0	4	10	1	1	5	11	0	0	5	11	0	0	5	11	0	0
YJM1078	Scer	FALSE	0.000211182	No	0	0	16	0	0	0	16	0	0	0	14	2	0	0	16	0	0	0	16	0	0	0	16	0	0
YJM1083	Scer	FALSE	0.000255483	No	0	0	16	0	0	0	16	0	0	0	8	8	0	0	16	0	0	0	16	0	0	0	16	0	0
YJM1190	Scer	FALSE	0.000397536	No	0	0	16	0	0	0	16	0	0	0	16	0	0	0	16	0	0	0	16	0	0	0	16	0	0
YJM1202	Scer	FALSE	0.000294485	No	0	0	16	0	0	0	16	0	0	0	10	6	0	0	16	0	0	0	16	0	0	0	16	0	0
YJM1356	Scer	FALSE	0.000165482	+1n@1	1	1	15	0	0	0.5	15	0	0.5	0.5	8	7	0.5	0	15	0	1	0	15	0	1	0.5	15	0	0.5
YJM1439	Scer	FALSE	0.000209102	+1n@8	1	0.5	15	0	0.5	0.5	15	0	0.5	0.5	10	5	0.5	0	15	0	1	0	15	0	1	0.5	15	0	0.5
YJM1549	Scer	FALSE	0.000393197	"+1n@1,6,11"	3	1.5	3	0	1.5	2.5	13	0	0.5	0.5	10	5	0.5	0	12	1	3	0	13	0	3	0.5	13	0	2.5
YJM1574	Scer	FALSE	0.000174249	"+1n@1,6"	2	2	14	0	0	2	14	0	0	1	11.5	3	0.5	0	14	0	2	0	14	0	2	1	14	0	1
19F	Calb	TRUE	0.004148565	+1n@7	1	1	7	0	0	1	7	0	0	1	6	1	0	1	7	0	0	1	7	0	0	1	7	0	0
CEC3555	Calb	TRUE	0.005695289	+1n@6	1	1	7	0	0	1	7	0	0	1	7	0	0	1	7	0	0	1	7	0	0	1	7	0	0
CEC3597	Calb	TRUE	0.005239701	+1n@2	1	1	7	0	0	1	7	0	0	1	7	0	0	1	7	0	0	1	7	0	0	1	7	0	0
CEC3601	Calb	TRUE	0.006508685	+1n@R	1	0	7	0	1	0	7	0	1	0	7	0	1	1	7	0	0	1	7	0	0	0	7	0	1
CEC3612	Calb	TRUE	0.00533972	+1n@5	1	0	7	0	1	0	7	0	1	0	7	0	1	1	7	0	0	1	7	0	0	0	7	0	1
CEC3614	Calb	TRUE	0.005374389	+1n@5	1	1	7	0	0	1	7	0	0	1	7	0	0	1	7	0	0	1	7	0	0	1	7	0	0
CEC3658	Calb	TRUE	0.004330186	No	0	0	8	0	0	0	8	0	0	0	7	1	0	0	8	0	0	0	8	0	0	0	8	0	0
CEC4479	Calb	TRUE	0.005288205	No	0	0	8	0	0	0	8	0	0	0	8	0	0	0	8	0	0	0	8	0	0	0	8	0	0
CEC4480	Calb	TRUE	0.005202218	No	0	0	8	0	0	0	8	0	0	0	8	0	0	0	8	0	0	0	8	0	0	0	8	0	0
CEC4481	Calb	TRUE	0.004811312	No	0	0	8	0	0	0	8	0	0	0	8	0	0	0	8	0	0	0	8	0	0	0	8	0	0
CEC4482	Calb	TRUE	0.004339735	No	0	0	8	0	0	0	8	0	0	0	8	0	0	0	8	0	0	0	8	0	0	0	8	0	0
CEC4484	Calb	TRUE	0.00477561	+1n@7	1	1	7	0	0	1	7	0	0	1	7	0	0	1	7	0	0	1	7	0	0	1	7	0	0
CEC4495	Calb	TRUE	0.005127276	"+1n@5,R"	2	2	6	0	0	2	6	0	0	2	5	1	0	2	6	0	0	2	6	0	0	2	6	0	0
CEC4857	Calb	TRUE	0.002494304	No	0	0	8	0	0	0	4	4	0	0	3	5	0	0	7	1	0	0	8	0	0	0	5	3	0
CEC4858	Calb	TRUE	0.002458283	-1n@3	1	1	7	0	0	1	7	0	0	1	6	1	0	1	7	0	0	1	7	0	0	1	7	0	0
CEC4886	Calb	TRUE	0.002454596	No	0	0	8	0	0	0	8	0	0	0	8	0	0	0	8	0	0	0	8	0	0	0	8	0	0
GC75	Calb	TRUE	0.005616811	No	0	0	8	0	0	0	8	0	0	0	8	0	0	0	8	0	0	0	8	0	0	0	8	0	0
P60002	Calb	TRUE	0.004090322	"+1n@4,6"	2	2	6	0	0	2	6	0	0	2	5	1	0	2	5	1	0	2	6	0	0	2	6	0	0
P75010	Calb	TRUE	0.004555996	+1n@5	1	1	7	0	0	1	7	0	0	0.5	5	2	0.5	0	8	0	0	0	7	0	1	1	7	0	0
P75016	Calb	TRUE	0.005889412	No	0	0	8	0	0	0	8	0	0	0	8	0	0	0	8	0	0	0	8	0	0	0	8	0	0
P75063	Calb	TRUE	0.004442814	No	0	0	8	0	0	0	8	0	0	0	8	0	0	0	8	0	0	0	8	0	0	0	8	0	0
P78042	Calb	TRUE	0.005559845	+1n@4	1	1	7	0	0	1	7	0	0	1	7	0	0	1	7	0	0	1	7	0	0	1	7	0	0
P87	Calb	TRUE	0.003719939	No	0	0	8	0	0	0	8	0	0	0	7	1	0	0	8	0	0	0	8	0	0	0	8	0	0